538
1636
899
881
1637
364
1045
480
487
1086
1014
1151
155
1579
1582
384
49
512
730
1625
887
252
1462
1617
875
524
564
1536
774
1618
1604
548
595
31
375
141
773
1066
378
1373
442
1598
1150
453
436
1054
1260
834
1143
80
584
278
1331
1577
1243
329
276
15
1018
1423
1639
108
1227
1523
613
903
1088
1276
30
455
1649
1257
403
427
1564
506
603
691
1588
1546
942
147
946
1348
901
541
471
965
1498
818
2
1174
483
1570
428
515
1630
1508
1393
230
696
1627
273
1521
1101
941
921
1106
1505
352
551
1213
1342
499
562
1574
88
1105
846
256
1548
1012
111
516
813
1314
372
1082
957
528
449
557
1097
33
408
446
1607
911
1405
639
936
394
735
517
769
1127
611
292
1470
66
777
666
397
519
418
1254
706
1621
1511
1108
1297
1453
475
410
1674
52
389
782
923
1503
1502
1005
1526
280
1450
416
771
844
1585
117
1387
1545
248
440
560
1037
1557
698
909
340
882
967
1519
1583
285
604
430
1155
1273
1203
402
1079
1561
191
1156
156
1085
202
982
13
1631
549
136
1403
1031
1289
124
1578
624
1078
727
485
1142
1597
748
231
1104
510
1406
1102
1336
1110
209
216
956
683
1056
762
150
681
277
1572
437
1346
1026
1472
822
1196
245
1144
385
465
935
457
1122
587
303
1481
368
422
1098
1586
165
634
73
492
893
1334
1543
1614
1266
1517
905
450
976
586
1271
509
806
618
596
1325
4
128
37
837
620
351
1064
809
1460
400
1609
617
1017
648
1100
954
790
11
744
40
1256
525
489
876
503
1128
577
55
1114
461
726
495
1326
1515
1379
255
441
862
178
738
891
19
732
653
784
812
1665
505
316
1599
1228
966
103
925
636
1139
1679
1027
878
1145
947
973
383
815
526
739
585
464
433
1039
1202
1029
1060
1242
817
222
1278
1077
71
474
725
1600
423
1176
843
1084
208
283
979
458
750
1036
120
1468
1328
1531
18
106
832
566
987
913
1022
1455
404
601
1288
28
424
1087
1482
1488
811
268
1063
1117
1647
1068
778
961
1484
553
61
644
325
1083
736
711
1465
240
1132
377
1061
889
284
1413
874
456
328
728
1524
466
172
1672
1091
938
929
491
612
589
1375
1605
1573
1368
1071
1312
1506
219
367
1341
649
267
1173
1464
87
324
381
279
647
752
1343
764
1442
654
1153
48
783
477
1290
959
145
793
251
523
314
628
149
1344
1463
326
960
593
539
715
1391
772
1353
192
421
1441
419
1241
1109
168
1
431
912
144
170
459
914
1075
590
780
734
550
975
1116
1112
1414
537
1673
733
897
1544
478
1513
1471
729
1539
627
1461
839
1158
413
910
1023
558
511
1542
323
1299
179
804
737
1201
1015
194
8
1643
952
702
290
894
1507
616
1270
580
606
922
819
1610
610
1272
927
494
808
206
1167
390
275
53
939
1666
1285
411
969
1274
1354
900
655
1670
1479
937
1141
971
1580
334
439
500
594
1421
417
608
51
321
300
776
713
78
621
496
1123
167
963
1221
468
291
259
1641
16
1518
154
1372
605
1581
486
1134
1659
978
981
99
463
29
704
481
107
1535
151
347
104
331
407
1377
354
132
886
1667
1402
1480
470
915
731
576
26
700
1657
438
955
302
1584
661
951
398
435
1445
632
1052
857
1013
600
24
592
1360
1263
1611
984
1565
288
1365
1512
1262
387
1371
131
247
1593
379
254
920
1591
380
637
344
964
763
716
226
1469
789
54
94
1327
968
1651
0
588
134
1194
353
142
22
59
540
1486
391
582
597
1138
880
432
1677
1125
626
1261
1443
473
504
1240
1338
1382
1195
1529
484
1259
498
1447
360
533
1081
1404
623
1295
1566
970
405
350
719
258
980
27
989
445
1198
135
507
261
211
270
1640
176
184
1192
977
501
1431
1613
1537
447
414
121
1006
153
622
91
1646
10
1264
401
1048
1530
221
547
1030
1635
573
448
1467
210
1160
885
1032
451
1137
271
420
1592
845
1115
1562
554
1489
518
710
1510
35
301
1361
833
74
1172
434
651
114
425
34
563
993
1111
1596
311
906
1401
508
140
1474
39
17
5
1049
319
1340
1638
1130
502
1140
282
609
974
346
1408
753
472
581
1446
1020
694
1076
530
1645
917
816
1436
493
645
429
1634
386
1118
1121
1046
1089
1449
1107
787
462
1466
864
1516
948
1626
962
958
854
879
406
452
460
944
810
393
699
1619
315
1177
883
152
902
701
821
742
770
1038
1113
363
366
575
1473
940
781
529
415
619
598
1047
1136
396
953
1576
443
1656
545
1296
490
861
1044
1147
714
1135
1329
1206
1538
1432
1668
1648
945
426
1332
1034
996
871
1148
1380
